I
1130 Generated by WorldEditor 2.4.0r2

1     62 0 0 YBAF Archerfield
1302 city Brisbane
1302 country Australia
1302 datum_lat -27.570277778
1302 datum_lon 153.008055556
1302 faa_code 
1302 gui_label 3D
1302 iata_code ACF
1302 icao_code YBAF
1302 region_code YB
1302 state Queensland
1302 transition_alt 10000
1302 transition_level 11000
1302 flatten 1
100 30.00 1 0 0.25 0 2 0 10L -27.57019614  152.99672001 150 0 3 0 0 2 28R -27.57490454  153.01324793 210 0 3 0 0 2
100 16.98 1 0 1.00 0 0 0 10R -27.57214914  152.99808146 0 0 1 0 0 0 28L -27.57517546  153.00869695 0 0 1 0 0 0
100 30.48 3 0 0.00 0 0 0 04R -27.57164218  153.00437350 0 0 1 0 0 0 22L -27.56546908  153.01309290 0 0 1 0 0 0
100 30.00 3 0 1.00 0 0 0 04L -27.57092655  153.00189124 0 0 1 0 0 0 22R -27.56395347  153.01176206 290 0 1 0 0 0
102 H1 -27.56578775  153.01375794 142.8 19.00 19.00 1 0 0 1.00 0
102 H2 -27.57079724  153.00857234 98.4 42.00 42.00 3 0 0 1.00 0
102 H3 -27.56938096  153.00136943 106.8 8.00 8.00 2 0 0 1.00 0
110 1 1.00 0.0 Main Taxiway Structure Asphalt
111 -27.56727371  153.01247151
112 -27.57036476  153.01186145 -27.57041455  153.01185371
112 -27.57069095  153.01177624 -27.57073387  153.01175203
111 -27.57080941  153.01166585
112 -27.57151500  153.01155545 -27.57156479  153.01154383
112 -27.57170299  153.01143828 -27.57172359  153.01136372 102
112 -27.57235193  153.00841893 -27.57236481  153.00835696 102
112 -27.57238627  153.00799092 -27.57237167  153.00791732
112 -27.57233906  153.00792119 -27.57231159  153.00792313
111 -27.57202059  153.00803352
112 -27.57198325  153.00808853 -27.57196711  153.00809366
112 -27.57192654  153.00807685 -27.57191371  153.00805910
112 -27.57191826  153.00799980 -27.57192985  153.00798345
112 -27.57197621  153.00796664 -27.57200271  153.00797178
111 -27.57201347  153.00798392
111 -27.57235250  153.00786203 102
111 -27.57235747  153.00773874 102
111 -27.57239473  153.00767010 102
111 -27.57229918  153.00733177 102
111 -27.57224349  153.00713170
111 -27.57182501  153.00564557 102
112 -27.57162411  153.00494811 -27.57161997  153.00493784
111 -27.57162411  153.00494811
112 -27.57162411  153.00494811 -27.57161583  153.00492756
112 -27.57155001  153.00483837 -27.57151855  153.00483743
112 -27.57143500  153.00484950 -27.57141762  153.00487332
111 -27.57140696  153.00473125
111 -27.57139900  153.00454239
112 -27.57142977  153.00441793 -27.57144608  153.00438404
112 -27.57142634  153.00425719 -27.57140745  153.00417875
111 -27.57142634  153.00425719
112 -27.57142634  153.00425719 -27.57141690  153.00421797 102
111 -27.57125801  153.00365597
111 -27.57099215  153.00274599 102
112 -27.57091262  153.00247849 -27.57090869  153.00246921
111 -27.57091262  153.00247849
112 -27.57091262  153.00247849 -27.57089688  153.00244137
112 -27.57080818  153.00238247 -27.57075954  153.00239860
111 -27.57061725  153.00244116
111 -27.57052528  153.00234534
112 -27.57070732  153.00197172 -27.57072664  153.00193380
112 -27.57070661  153.00173448 -27.57067799  153.00162312
111 -27.57070661  153.00173448
112 -27.57070661  153.00173448 -27.57069230  153.00167880 102
112 -27.57048277  153.00093510 -27.57036265  153.00051297
112 -27.57020049  152.99996529 -27.57018916  152.99994031
111 -27.57020049  152.99996529
112 -27.57020049  152.99996529 -27.57017783  152.99991532
112 -27.57002332  152.99985606 -27.56991619  152.99989441
111 -27.56963566  153.00000963
111 -27.56927967  152.99875188
111 -27.56904481  152.99883415
111 -27.56877782  152.99791245
111 -27.56897436  152.99784691
112 -27.56901113  152.99776801 -27.56901014  152.99772150
112 -27.56897636  152.99760662 -27.56896294  152.99758981
112 -27.56889936  152.99755395 -27.56887353  152.99755787
111 -27.56872947  152.99758645
111 -27.56870463  152.99741273
111 -27.56906428  152.99731186
111 -27.56909905  152.99749343
112 -27.56903746  152.99750968 -27.56903050  152.99751192
112 -27.56903050  152.99754442 -27.56904392  152.99756628
112 -27.56906875  152.99760662 -27.56908614  152.99760606
112 -27.56911545  152.99758869 -27.56912439  152.99757973 102
112 -27.56939113  152.99749096 -27.56941676  152.99747891
112 -27.56945735  152.99734880 -27.56944026  152.99725242
112 -27.56945777  152.99709249 -27.56949176  152.99700883
112 -27.56957520  152.99695770 -27.56963494  152.99692749
111 -27.56978945  152.99687520
111 -27.57058935  152.99657346
112 -27.57078233  152.99650111 -27.57082108  152.99649439
112 -27.57102137  152.99653877 -27.57110185  152.99661140
112 -27.57115013  152.99678826 -27.57116026  152.99683062
112 -27.57153503  152.99814069 -27.57154571  152.99816880
112 -27.57161157  152.99824711 -27.57165607  152.99825113
112 -27.57174507  152.99822703 -27.57178778  152.99821097
111 -27.57227892  152.99803119
111 -27.57252614  152.99889498
111 -27.57249266  152.99910898
111 -27.57241369  152.99910802
111 -27.57227034  152.99899762
112 -27.57206003  152.99827813 -27.57204630  152.99825198
112 -27.57198793  152.99822584 -27.57196218  152.99822777
111 -27.57187033  152.99826457
111 -27.57175960  152.99830331
112 -27.57170484  152.99832967 -27.57169192  152.99833583
112 -27.57164920  152.99837001 -27.57163977  152.99839019
112 -27.57164324  152.99848826 -27.57166560  152.99856391
112 -27.57237534  153.00107271 -27.57238678  153.00110983
112 -27.57250624  153.00115502 -27.57260210  153.00112193
112 -27.57282671  153.00103316 -27.57284960  153.00102348
112 -27.57288894  153.00091535 -27.57288894  153.00083384
111 -27.57294688  153.00087096
111 -27.57303272  153.00110982
112 -27.57297907  153.00116793 -27.57295618  153.00114453
112 -27.57285818  153.00110982 -27.57280668  153.00112758
112 -27.57251840  153.00123168 -27.57249194  153.00124378
112 -27.57245689  153.00136564 -27.57248693  153.00145844
112 -27.57305538  153.00347032 -27.57306568  153.00350867
112 -27.57315942  153.00353888 -27.57323153  153.00351448
112 -27.57349419  153.00341338 -27.57352818  153.00340060
112 -27.57356527  153.00324721 -27.57356115  153.00313565
111 -27.57363325  153.00322513
111 -27.57374553  153.00359931
112 -27.57364561  153.00354934 -27.57361780  153.00351448
112 -27.57351788  153.00349240 -27.57346432  153.00350867
112 -27.57318723  153.00361209 -27.57315324  153.00363068
112 -27.57313058  153.00372713 -27.57314706  153.00377245
112 -27.57371668  153.00578530 -27.57373448  153.00584353
112 -27.57384306  153.00588971 -27.57393028  153.00585959
112 -27.57415099  153.00578329 -27.57420439  153.00575518
112 -27.57422575  153.00562465 -27.57422219  153.00550618
111 -27.57433077  153.00558449
111 -27.57442333  153.00598811
112 -27.57431297  153.00590979 -27.57428271  153.00586361
112 -27.57419371  153.00585357 -27.57414921  153.00586762
112 -27.57388079  153.00596176 -27.57385360  153.00597064
112 -27.57381426  153.00612235 -27.57385575  153.00625953
112 -27.57453192  153.00866159 -27.57454260  153.00870777
112 -27.57469212  153.00879211 -27.57479714  153.00875596
112 -27.57489503  153.00871580 -27.57493063  153.00869572
112 -27.57498581  153.00854512 -27.57495199  153.00841259
111 -27.57479177  153.00784297
111 -27.57487109  153.00762799
111 -27.57504723  153.00775233
111 -27.57530578  153.00866455
112 -27.57471967  153.00887256 -27.57468980  153.00888301
112 -27.57465065  153.00908870 -27.57469495  153.00923744
112 -27.57521077  153.01105515 -27.57522358  153.01109563
112 -27.57537993  153.01113611 -27.57553372  153.01110142
112 -27.57642831  153.01094959 -27.57646127  153.01094029
112 -27.57650968  153.01081246 -27.57649526  153.01071020
111 -27.57630319  153.00948962
112 -27.57604474  153.00952577 -27.57600843  153.00952577
112 -27.57591852  153.00944091 -27.57589647  153.00934945
111 -27.57554666  153.00813926
111 -27.57589029  153.00802491
111 -27.57591501  153.00797052
112 -27.57588576  153.00774341 -27.57587975  153.00771049
112 -27.57592782  153.00768047 -27.57595700  153.00767563
111 -27.57598533  153.00767369
111 -27.57598962  153.00773857
112 -27.57596043  153.00776375 -27.57596301  153.00778409
111 -27.57599563  153.00799036
111 -27.57622087  153.00794852
111 -27.57621778  153.00773470
111 -27.57646293  153.00770100
111 -27.57641864  153.00776608
111 -27.57644645  153.00790669
111 -27.57646293  153.00790901
111 -27.57655152  153.00786020
111 -27.57665968  153.00794039
111 -27.57668781  153.00797829
111 -27.57670739  153.00812287
111 -27.57625528  153.00820520
112 -27.57624816  153.00809275 -27.57624460  153.00806263
112 -27.57617445  153.00803858 -27.57613928  153.00804531
112 -27.57569452  153.00818063 -27.57566485  153.00819402
112 -27.57565744  153.00828271 -27.57566782  153.00832622
112 -27.57574495  153.00834797 -27.57579983  153.00833291
111 -27.57592591  153.00830781
111 -27.57593481  153.00838144
111 -27.57578945  153.00840988
112 -27.57573067  153.00842679 -27.57571865  153.00843357
112 -27.57571350  153.00848005 -27.57572208  153.00851007
112 -27.57575814  153.00852654 -27.57578046  153.00852363
111 -27.57599677  153.00846843
111 -27.57600964  153.00857011
112 -27.57586372  153.00857883 -27.57585256  153.00858077
112 -27.57579676  153.00859723 -27.57578646  153.00860885
112 -27.57576844  153.00865533 -27.57577445  153.00867180
112 -27.57596221  153.00934678 -27.57597408  153.00938861
112 -27.57607049  153.00944383 -27.57612241  153.00943379
111 -27.57627815  153.00942041
111 -27.57645615  153.00916438
111 -27.57657333  153.00992410
111 -27.57683142  153.00987892
111 -27.57680917  153.00976010
111 -27.57699013  153.00973835
111 -27.57704205  153.01007805
111 -27.57693080  153.01008976
111 -27.57693080  153.01013495
111 -27.57689817  153.01030730
111 -27.57695750  153.01076247
111 -27.57712363  153.01071394
111 -27.57716961  153.01102519
111 -27.57676319  153.01107205
111 -27.57675874  153.01097164
112 -27.57665085  153.01098791 -27.57663440  153.01099033
112 -27.57661652  153.01105408 -27.57662153  153.01110734
112 -27.57663583  153.01119288 -27.57663798  153.01121871
112 -27.57673669  153.01124937 -27.57678319  153.01124453
111 -27.57678677  153.01124373
111 -27.57685186  153.01183687
112 -27.57678736  153.01184565 -27.57677277  153.01184952
112 -27.57674358  153.01190375 -27.57674530  153.01194249
112 -27.57676676  153.01207903 -27.57676933  153.01209647
112 -27.57687749  153.01210228 -27.57692127  153.01209550
111 -27.57715647  153.01204805
111 -27.57716419  153.01212939
112 -27.57685088  153.01218653 -27.57682942  153.01219040
112 -27.57679852  153.01229015 -27.57681998  153.01236665
111 -27.57689729  153.01246912
111 -27.57692400  153.01267595
111 -27.57672108  153.01270808
112 -27.57666768  153.01260566 -27.57662674  153.01260366
112 -27.57613038  153.01269352 -27.57610566  153.01270328
112 -27.57609948  153.01277161 -27.57610813  153.01279950
111 -27.57611308  153.01283994
111 -27.57646783  153.01276743
111 -27.57648143  153.01285807
112 -27.57616128  153.01291524 -27.57614398  153.01292221
112 -27.57613285  153.01299612 -27.57614027  153.01303656
112 -27.57620578  153.01307282 -27.57625028  153.01306445
111 -27.57643569  153.01302959
111 -27.57644435  153.01297102
111 -27.57650739  153.01296126
111 -27.57655312  153.01314533
111 -27.57647030  153.01315788
111 -27.57644682  153.01311187
111 -27.57615387  153.01316207
111 -27.57615758  153.01323876
111 -27.57610072  153.01324434
111 -27.57605127  153.01290827
111 -27.57596227  153.01284691
112 -27.57512618  153.01302861 -27.57508346  153.01303263
112 -27.57502200  153.01314886 -27.57503802  153.01324725
111 -27.57506576  153.01330017
111 -27.57480820  153.01339195
112 -27.57474307  153.01319906 -27.57472705  153.01316090
112 -27.57456372  153.01314909 -27.57449964  153.01316716
111 -27.57424510  153.01321134
111 -27.57419348  153.01316917
111 -27.57392471  153.01321536
111 -27.57385351  153.01328363
111 -27.57390513  153.01363302
111 -27.57384461  153.01363503
111 -27.57366484  153.01285592
111 -27.57383215  153.01282178
111 -27.57381079  153.01270733
111 -27.57367196  153.01273544
111 -27.57366306  153.01269729
111 -27.57333377  153.01275351
111 -27.57341030  153.01321334
111 -27.57300981  153.01330772
111 -27.57245981  153.01347438
111 -27.57237615  153.01287415
111 -27.57264492  153.01281793
111 -27.57249719  153.01184004
111 -27.57093617  153.01211714
111 -27.57112864  153.01344699
111 -27.56861472  153.01393718
111 -27.56859395  153.01379998
111 -27.56815045  153.01387193
112 -27.56811485  153.01350883 -27.56811337  153.01348875
112 -27.56800360  153.01344190 -27.56796355  153.01344859
112 -27.56761794  153.01352054 -27.56759866  153.01353560
112 -27.56758235  153.01365775 -27.56759273  153.01369456
111 -27.56764465  153.01413295
111 -27.56774699  153.01412291
111 -27.56782857  153.01466170
111 -27.56754230  153.01471524
111 -27.56745033  153.01396061
111 -27.56754081  153.01394722
112 -27.56750670  153.01365775 -27.56750225  153.01362596
112 -27.56743253  153.01356070 -27.56740287  153.01355735
112 -27.56725694  153.01358518 -27.56723381  153.01359120
112 -27.56719287  153.01371971 -27.56719821  153.01376388
111 -27.56731390  153.01461121
111 -27.56715549  153.01463932
111 -27.56702733  153.01375183
111 -27.56712345  153.01374380
112 -27.56712345  153.01370967 -27.56712345  153.01369963
112 -27.56705403  153.01363738 -27.56702555  153.01364140
112 -27.56689157  153.01366535 -27.56687698  153.01366729
112 -27.56682805  153.01379027 -27.56683492  153.01384837
111 -27.56695180  153.01470918
111 -27.56677665  153.01474291
111 -27.56667626  153.01404898
111 -27.56678520  153.01402248
112 -27.56675579  153.01379324 -27.56675222  153.01377306
112 -27.56667353  153.01369802 -27.56663276  153.01370125
112 -27.56649041  153.01373110 -27.56646466  153.01373756
112 -27.56644964  153.01380615 -27.56645607  153.01384165
111 -27.56656641  153.01463117
111 -27.56648810  153.01464322
111 -27.56640444  153.01387821
112 -27.56639732  153.01381195 -27.56639376  153.01378384
112 -27.56633858  153.01375774 -27.56630298  153.01376979
112 -27.56621525  153.01383880 -27.56619207  153.01386882
112 -27.56614915  153.01395209 -27.56614743  153.01398308
112 -27.56615001  153.01406151 -27.56615258  153.01407991
111 -27.56625216  153.01474707
111 -27.56632083  153.01474514
111 -27.56633199  153.01482454
111 -27.56612597  153.01486714
111 -27.56604614  153.01432779
111 -27.56611310  153.01430940
112 -27.56609421  153.01414963 -27.56608906  153.01413220
112 -27.56605644  153.01408475 -27.56605387  153.01408088
112 -27.56603241  153.01410024 -27.56601696  153.01411670
112 -27.56589902  153.01430763 -27.56589190  153.01434177
111 -27.56600047  153.01493208
111 -27.56591860  153.01494614
111 -27.56590080  153.01481964
111 -27.56584384  153.01470117
111 -27.56579400  153.01449838
112 -27.56579044  153.01432370 -27.56582070  153.01427751
111 -27.56601110  153.01399594
111 -27.56580920  153.01382396
111 -27.56583083  153.01376703
111 -27.56604818  153.01395178
112 -27.56612955  153.01383558 -27.56614500  153.01381351
112 -27.56625831  153.01370544 -27.56629848  153.01368801
112 -27.56793196  153.01337772 -27.56798358  153.01336969
112 -27.56812419  153.01338977 -27.56816869  153.01342390
112 -27.56820429  153.01356044 -27.56821141  153.01359859
112 -27.56825057  153.01363474 -27.56827371  153.01364277
112 -27.56874540  153.01355643 -27.56877388  153.01354639
112 -27.56878100  153.01346607 -27.56877388  153.01341587
112 -27.56861012  153.01232157 -27.56860122  153.01228542
112 -27.56852824  153.01229747 -27.56850332  153.01230550
113 -27.56723066  153.01256051
111 -27.56912008  153.01349796
111 -27.57038456  153.01324978
111 -27.57036534  153.01296786
111 -27.57045719  153.01281124
112 -27.57034612  153.01210284 -27.57034612  153.01208838
112 -27.57038252  153.01205857 -27.57040279  153.01205588
112 -27.57051247  153.01203638 -27.57051962  153.01201890
112 -27.57048922  153.01194291 -27.57044034  153.01192005
112 -27.57035212  153.01194022 -27.57032530  153.01194627
113 -27.56893379  153.01223036
112 -27.57318791  153.01090661 -27.57323908  153.01089656
111 -27.57318791  153.01090661
112 -27.57318791  153.01090661 -27.57329026  153.01088652 102
112 -27.57328284  153.01075600 -27.57327543  153.01071919 102
112 -27.57299657  153.00975702 -27.57298618  153.00971686 102
111 -27.57293427  153.00974364 102
111 -27.57281412  153.00987918
111 -27.57294020  153.01034102
112 -27.57210510  153.01053680 -27.57206654  153.01054684
112 -27.57197902  153.01065895 -27.57194343  153.01072087 102
111 -27.57187223  153.01115258 102
113 -27.57249169  153.01103713 102
111 -27.57242269  153.01038322
112 -27.57240826  153.01024146 -27.57239796  153.01022403
112 -27.57217856  153.01027980 -27.57214457  153.01028561
112 -27.57202920  153.01042390 -27.57201272  153.01046922
114 -27.57207555  153.01045643 -27.57209306  153.01045411
111 -27.57213633  153.01017522
111 -27.57229599  153.01017871
112 -27.57235573  153.00997884 -27.57235264  153.00997187 102
112 -27.57225684  153.00986031 -27.57224242  153.00985334 102
112 -27.57218268  153.00988587 -27.57216723  153.00989401 102
112 -27.57212706  153.00993933 -27.57211882  153.00995560 102
113 -27.57208688  153.01013223
112 -27.57240363  153.00970276 -27.57241908  153.00968920
111 -27.57254269  153.00957493
111 -27.57254183  153.00954782
111 -27.57243093  153.00956399
111 -27.57244123  153.00950937
112 -27.57224963  153.00955353 -27.57223521  153.00956167 102
112 -27.57219607  153.00962325 -27.57218268  153.00963952 102
112 -27.57217753  153.00971738 -27.57218062  153.00973713 102
114 -27.57224036  153.00975224 -27.57226096  153.00975224 102
111 -27.57294785  153.00956719 102
112 -27.57290750  153.00948003 -27.57288604  153.00945873
112 -27.57283712  153.00943258 -27.57281823  153.00942968
111 -27.57272638  153.00944614
111 -27.57272896  153.00952361 102
113 -27.57286630  153.00959333 102
111 -27.57262564  153.00921036
111 -27.57271316  153.00938941
112 -27.57285555  153.00936264 -27.57288522  153.00935762 102
112 -27.57286594  153.00930909 -27.57286149  153.00929570 102
111 -27.57255148  153.00820302 102
112 -27.57250698  153.00822979 -27.57248918  153.00824150 102
112 -27.57247138  153.00832684 -27.57246100  153.00837370 102
112 -27.57223554  153.00943291 -27.57222070  153.00950152
112 -27.57228597  153.00948144 -27.57229784  153.00947809
111 -27.57244913  153.00944295
113 -27.57249215  153.00925052
111 -27.57349770  153.01121381 102
112 -27.57388473  153.01113863 -27.57392574  153.01111839 102
112 -27.57404621  153.01097671 -27.57407697  153.01088996 102
112 -27.57407184  153.01076563 -27.57406159  153.01072225
112 -27.57306054  153.00724272 -27.57303562  153.00715236 102
112 -27.57291281  153.00718047 -27.57287543  153.00719453 102
112 -27.57248562  153.00734714 -27.57241086  153.00737525 102
114 -27.57243578  153.00755396 -27.57245536  153.00762223 102
112 -27.57248174  153.00725390 -27.57254107  153.00723717 102
112 -27.57295640  153.00706481 -27.57298458  153.00704139 102
112 -27.57297568  153.00691087 -27.57296678  153.00687740
112 -27.57232600  153.00464685 -27.57231858  153.00462510 102
112 -27.57227853  153.00458829 -27.57226073  153.00457155 102
112 -27.57218360  153.00458494 -27.57214800  153.00459665 102
112 -27.57183354  153.00470877 -27.57179349  153.00472550 102
112 -27.57170005  153.00479913 -27.57167186  153.00483259 102
112 -27.57170450  153.00495976 -27.57171636  153.00500160 102
114 -27.57232896  153.00716688 -27.57234973  153.00723883 102
111 -27.57161787  153.00464233 102
111 -27.57161540  153.00465906 102
111 -27.57165372  153.00468555 102
112 -27.57214073  153.00451404 -27.57219265  153.00449034 102
112 -27.57224333  153.00433695 -27.57223096  153.00429093
112 -27.57122727  153.00078114 -27.57120996  153.00073931 102
112 -27.57108883  153.00073373 -27.57104804  153.00074768 102
112 -27.57062159  153.00091361 -27.57058451  153.00092756 102
112 -27.57059810  153.00106282 -27.57061170  153.00111999 102
111 -27.57079469  153.00176984
111 -27.57091573  153.00218750 102
113 -27.57150299  153.00424555
112 -27.57061361  153.00082097 -27.57067294  153.00080089 102
112 -27.57109420  153.00064360 -27.57116540  153.00061515 102
111 -27.57114760  153.00050806
112 -27.57025317  152.99737731 -27.57023092  152.99731874 102
112 -27.57010929  152.99731038 -27.57009149  152.99731707 102
112 -27.56965812  152.99747350 -27.56958379  152.99749952 102
112 -27.56961711  152.99764698 -27.56963505  152.99771927 102
114 -27.57048089  153.00065698 -27.57051933  153.00079288 102
111 -27.57424905  153.01147117
112 -27.57394053  153.01161843 -27.57390641  153.01165357
112 -27.57385746  153.01189621 -27.57385301  153.01202171
112 -27.57390493  153.01236307 -27.57391086  153.01239821
112 -27.57406957  153.01273121 -27.57410072  153.01278141
112 -27.57431431  153.01298723 -27.57442853  153.01301735
112 -27.57453978  153.01300062 -27.57456648  153.01297887
112 -27.57462432  153.01282659 -27.57463619  153.01272117
111 -27.57461839  153.01252037
111 -27.57430690  153.01144440
113 -27.57430690  153.01144440
112 -27.57544679  153.01121781 -27.57538094  153.01123588
112 -27.57530084  153.01132222 -27.57530262  153.01136239
112 -27.57537560  153.01161942 -27.57539339  153.01166962
111 -27.57570133  153.01276401
111 -27.57585974  153.01274393
112 -27.57602528  153.01264553 -27.57605910  153.01263349
112 -27.57623531  153.01259132 -27.57628871  153.01257927
112 -27.57658774  153.01251702 -27.57662512  153.01249292
112 -27.57670878  153.01237445 -27.57672480  153.01232023
112 -27.57670700  153.01212544 -27.57669632  153.01207323
112 -27.57655036  153.01110334 -27.57653969  153.01105314
111 -27.57648629  153.01101699
113 -27.57648629  153.01101699
111 -27.56950847  152.99872445 102
111 -27.56919261  152.99763891
112 -27.56911869  152.99769338 -27.56910677  152.99771221
112 -27.56909902  152.99782518 -27.56910736  152.99787023
112 -27.56913836  152.99798724 -27.56914850  152.99801683
112 -27.56963399  152.99973210 -27.56964326  152.99975417
112 -27.56971330  152.99981343 -27.56974729  152.99982157
112 -27.56981837  152.99982157 -27.56985545  152.99980995
112 -27.57001614  152.99974952 -27.57004189  152.99972745 102
112 -27.57009031  152.99962635 -27.57009340  152.99955198 102
112 -27.56984927  152.99872695 -27.56983382  152.99867118 102
114 -27.56974935  152.99863748 -27.56970403  152.99865259 102
111 -27.57480150  153.01257129
111 -27.57484476  153.01256014
112 -27.57494612  153.01284461 -27.57497331  153.01287389
112 -27.57508332  153.01288923 -27.57513029  153.01289900
112 -27.57550016  153.01277575 -27.57557090  153.01275493
112 -27.57554937  153.01251898 -27.57554015  153.01247387
112 -27.57105275  152.99674245 -27.57103730  152.99669016
112 -27.57095146  152.99660010 -27.57089738  152.99655749
112 -27.57077549  152.99659720 -27.57074373  152.99660785
112 -27.56981753  152.99695258 -27.56978319  152.99696420
112 -27.56955143  152.99709203 -27.56949391  152.99716368
112 -27.56952825  152.99731474 -27.56953512  152.99737091
112 -27.56962182  152.99739124 -27.56964585  152.99738834
111 -27.56962182  152.99739124
112 -27.56962182  152.99739124 -27.56963383  152.99738979 102
112 -27.57009495  152.99722904 -27.57029889  152.99715578
113 -27.57044959  152.99709677
111 -27.57239690  153.00984838
111 -27.57241632  153.00995894
111 -27.57250673  153.00994833
113 -27.57248489  153.00983229
111 -27.57266897  153.00978620
111 -27.57269112  153.00989641
111 -27.57279761  153.00987656
113 -27.57277577  153.00976190
110 2 1.00 0.0 Fuel Pad
111 -27.57277817  153.00975955
111 -27.57280127  153.00987972
111 -27.57268961  153.00989854
113 -27.57266619  153.00978489
110 2 1.00 0.0 Fuel Pad
111 -27.57248876  153.00982832
111 -27.57251112  153.00995264
111 -27.57241368  153.00996189
113 -27.57239090  153.00984570
110 4 1.00 0.0 Taxiway C1 Dirt
111 -27.56474571  153.01236471
111 -27.56409959  153.01172275
111 -27.56416627  153.01165013
113 -27.56480089  153.01228560
110 4 1.00 0.0 Taxiway D1 Dirt
111 -27.56625505  153.01368047
111 -27.56562071  153.01308277
111 -27.56566702  153.01301439
113 -27.56630113  153.01361314
110 4 1.00 0.0 Taxiway F Dirt
111 -27.56780344  153.00637882
111 -27.56939163  153.00773529
111 -27.57004388  153.00833231
112 -27.57035570  153.00862598 -27.57039575  153.00867439
112 -27.57053021  153.00907133 -27.57056167  153.00926496
111 -27.57087922  153.01169502
111 -27.57081342  153.01170470
112 -27.57049588  153.00938436 -27.57048157  153.00927787
112 -27.57032137  153.00873247 -27.57019264  153.00855821
111 -27.56917707  153.00767075
113 -27.56773335  153.00647242
110 4 1.00 0.0 Taxiway H Dirt
111 -27.56484057  153.01055859
111 -27.56713511  153.01254050
111 -27.56705547  153.01263963
113 -27.56476436  153.01066546
110 4 1.00 0.0 Taxiway G Dirt
111 -27.56641844  153.00838758
111 -27.57023063  153.01180097
112 -27.57062611  153.01172704 -27.57066865  153.01172056
112 -27.57074223  153.01168036 -27.57077557  153.01165571
111 -27.57082374  153.01163631
111 -27.57090270  153.01177960
111 -27.56728695  153.01254991
111 -27.56700298  153.01268867
111 -27.56716623  153.01243448
111 -27.57009045  153.01182691
113 -27.56634447  153.00849565
110 4 1.00 0.0 Taxiway C / D Dirt
111 -27.57082761  153.00386048
111 -27.56425216  153.01316454
112 -27.56388816  153.01371161 -27.56385919  153.01377056
112 -27.56383934  153.01386212 -27.56383098  153.01392725
112 -27.56386841  153.01409236 -27.56390704  153.01418573
112 -27.56462073  153.01476830 -27.56471316  153.01479942
112 -27.56484285  153.01482277 -27.56493666  153.01483522
112 -27.56516016  153.01480409 -27.56523189  153.01479631
112 -27.56542090  153.01471227 -27.56550919  153.01466247
112 -27.56562370  153.01455198 -27.56566923  153.01450840
111 -27.56580167  153.01431543
111 -27.57187838  153.00570074
111 -27.57191036  153.00580705
111 -27.56621544  153.01382016
111 -27.56581685  153.01440679
112 -27.56563336  153.01463602 -27.56555886  153.01470138
112 -27.56529812  153.01483211 -27.56520844  153.01485389
112 -27.56487734  153.01487879 -27.56476835  153.01487879
112 -27.56460018  153.01482723 -27.56449353  153.01479128
112 -27.56381825  153.01412804 -27.56375889  153.01400393
112 -27.56379440  153.01377576 -27.56382937  153.01363933
111 -27.56406045  153.01331215
111 -27.57068164  153.00393050
111 -27.57061489  153.00386327
113 -27.57073885  153.00369115
110 2 1.00 0.0 Emerg Services Apron
111 -27.57050242  153.00092817
111 -27.57050242  153.00092817
112 -27.57026889  153.00101298 -27.57025492  153.00102049
112 -27.57021766  153.00108203 -27.57021367  153.00111131
112 -27.57024427  153.00120588 -27.57025292  153.00122989
112 -27.57023429  153.00140552 -27.57022764  153.00143254
112 -27.57016776  153.00154062 -27.57014381  153.00156689
112 -27.57002871  153.00163669 -27.57001008  153.00164644
112 -27.56975793  153.00175077 -27.56974662  153.00175302
112 -27.56966611  153.00176203 -27.56963950  153.00175902
112 -27.56955367  153.00172825 -27.56953039  153.00171399
112 -27.56949113  153.00167796 -27.56947051  153.00166596
112 -27.56942460  153.00162768 -27.56940864  153.00160967
112 -27.56938003  153.00148583 -27.56937670  153.00146631
111 -27.56936472  153.00139877
111 -27.56941196  153.00138526
112 -27.56943325  153.00141603 -27.56944456  153.00142053
112 -27.56952174  153.00139501 -27.56953638  153.00138976
112 -27.56958029  153.00134022 -27.56959093  153.00132146
112 -27.56962486  153.00125466 -27.56962686  153.00123965
111 -27.56956260  153.00102819
111 -27.56986019  153.00092025
111 -27.57001848  153.00139603
111 -27.56980102  153.00148866
112 -27.56963750  153.00160892 -27.56963085  153.00161942
112 -27.56964523  153.00165664 -27.56965682  153.00167345
112 -27.56973463  153.00167158 -27.56975947  153.00166785
112 -27.56999786  153.00157074 -27.57003925  153.00155766
112 -27.57015348  153.00144934 -27.57017500  153.00141759
112 -27.57018493  153.00126445 -27.57018328  153.00123270
112 -27.57013527  153.00110571 -27.57011375  153.00106649
111 -27.57004477  153.00107925
111 -27.56995233  153.00079600
111 -27.56989025  152.99996493
113 -27.57018273  152.99986999
110 4 1.00 0.0 New Taxiway 8
111 -27.57161132  153.01061732
111 -27.57162086  153.01070337
111 -27.57082462  153.01084860
113 -27.57081413  153.01076578
110 4 1.00 0.0 New Taxiway 7
111 -27.57151358  153.01105030
111 -27.57152073  153.01112291
111 -27.57087376  153.01123832
113 -27.57086442  153.01117199
110 4 1.00 0.0 New Taxiway 6
111 -27.57139372  153.01145438
111 -27.57140680  153.01154082
111 -27.57098949  153.01161279
113 -27.57097506  153.01153267
110 4 1.00 0.0 New Taxiway 5
111 -27.57070302  153.01158642
111 -27.57071256  153.01166254
111 -27.57035021  153.01172263
113 -27.57033835  153.01165269
110 4 1.00 0.0 New Taxiway 4
111 -27.57068397  153.01117132
111 -27.57069827  153.01126006
111 -27.56992826  153.01144025
113 -27.56991157  153.01135419
110 4 1.00 0.0 New Taxiway 3
111 -27.57064037  153.01079806
111 -27.57065295  153.01087922
111 -27.56960108  153.01109695
113 -27.56958862  153.01101527
110 3 1.00 0.0 04R Runup Bay
111 -27.57225094  153.00711401
111 -27.57175773  153.00727224
111 -27.57155309  153.00656540
113 -27.57193938  153.00603105
110 3 1.00 0.0 04L Runup Bay
111 -27.57126356  153.00364931
111 -27.57086028  153.00400789
111 -27.57058215  153.00332435
113 -27.57099487  153.00274210
110 3 1.00 0.0 10R Runup Bay Grass
111 -27.57168182  152.99892781
111 -27.57135232  152.99903599
111 -27.57100203  152.99782512
113 -27.57133461  152.99771500
110 3 1.00 0.0 22R Runup Bay Grass Poly
111 -27.56433652  153.01292551
111 -27.56396603  153.01259124
111 -27.56432460  153.01207372
113 -27.56470084  153.01241375
110 3 1.00 0.0 22L Runup Bay Poly
111 -27.56639868  153.01347654
111 -27.56612691  153.01324796
111 -27.56667284  153.01245195
113 -27.56694461  153.01270205
110 3 1.00 0.0 28L Runup Bay Grass Poly
111 -27.57485872  153.01004403
111 -27.57451504  153.01015610
111 -27.57416539  153.00896154
113 -27.57450709  153.00883155
110 1 1.00 0.0 10L Windsock Pad
112 -27.56981755  152.99921418 -27.56983240  152.99925441
112 -27.56977989  152.99931736 -27.56974423  152.99933412
112 -27.56968843  152.99927487 -27.56967357  152.99923465
114 -27.56972609  152.99917170 -27.56976174  152.99915494
110 1 1.00 0.0 Signal Pad
112 -27.57144983  153.00819197 -27.57146172  153.00821310
112 -27.57143745  153.00825452 -27.57141871  153.00826794
112 -27.57138200  153.00824056 -27.57137010  153.00821943
114 -27.57139438  153.00817800 -27.57141311  153.00816459
110 1 1.00 0.0 Main Windsock Pad
112 -27.57137791  153.00801738 -27.57139543  153.00806011
112 -27.57134106  153.00813055 -27.57130318  153.00815032
112 -27.57124074  153.00808897 -27.57122321  153.00804624
114 -27.57127759  153.00797581 -27.57131547  153.00795603
130 Airport Boundary 92
111 -27.56955894  153.00275832
111 -27.56830609  152.99768344
111 -27.56839151  152.99709721
111 -27.56924573  152.99691252
111 -27.57095415  152.99639859
111 -27.57215005  152.99639857
111 -27.57346815  153.00094103
111 -27.57633107  153.00370846
111 -27.57708247  153.00878150
111 -27.57747793  153.01299669
111 -27.57705226  153.01309043
111 -27.57393176  153.01365973
111 -27.57381161  153.01365585
111 -27.57349235  153.01324535
111 -27.57223591  153.01355517
111 -27.57206770  153.01287745
111 -27.57143262  153.01302462
111 -27.57143948  153.01327247
111 -27.57149097  153.01388821
111 -27.57118888  153.01400826
111 -27.56596059  153.01505384
111 -27.56580268  153.01473243
111 -27.56548685  153.01485248
111 -27.56482087  153.01512354
111 -27.56448101  153.01534814
111 -27.56284102  153.01567846
111 -27.56254064  153.01564350
111 -27.56230702  153.01531274
113 -27.56197565  153.01344918
120 Linear Feature 151
111 -27.57389694  153.01131997 10
115 -27.57419857  153.01125526
120 Linear Feature 86
111 -27.57063781  153.00148259 4
115 -27.57070734  153.00145831
120 Linear Feature 85
111 -27.57102355  153.00258074 4
115 -27.57095567  153.00260688
120 Linear Feature 84
111 -27.57134704  153.00396517 4
115 -27.57141458  153.00393827
120 Linear Feature 83
111 -27.57176068  153.00516490 4
115 -27.57169414  153.00519096
120 Linear Feature 82
111 -27.57440251  153.01318300 5
115 -27.57438314  153.01300478
120 Linear Feature 81
111 -27.57523510  153.01285944 5
115 -27.57527450  153.01299593
120 Linear Feature 80
111 -27.57479171  153.00884634 4
115 -27.57476390  153.00876342
120 Linear Feature 79
111 -27.57395931  153.00593280 4
115 -27.57393547  153.00585884
120 Linear Feature 78
111 -27.57328581  153.00357270 4
115 -27.57326664  153.00350065
120 Linear Feature 77
111 -27.57261197  153.00119672 4
115 -27.57258882  153.00112647
120 Linear Feature 76
111 -27.57177916  152.99829622 4
115 -27.57175601  152.99822237
120 Linear Feature 75
111 -27.57058508  152.99657648 4
115 -27.57060903  152.99665537
120 Linear Feature 74
111 -27.56981223  152.99695309 4
115 -27.56978748  152.99687563
120 Linear Feature 73
111 -27.56993199  152.99737279 4
115 -27.56990804  152.99729173
120 Linear Feature 72
111 -27.57093555  153.00079166 4
115 -27.57091080  153.00071240
120 Linear Feature 71
111 -27.57202853  153.00463748 4
115 -27.57200778  153.00456362
120 Linear Feature 70
111 -27.57276863  153.00723501 4
115 -27.57274388  153.00715665
120 Linear Feature 69
111 -27.57397453  153.01159441 4
115 -27.57384945  153.01114932
120 Linear Feature 66
112 -27.57507923  153.01297300 -27.57498662  153.01299462 1
116 -27.57480072  153.01285859 -27.57475362  153.01269736
120 Linear Feature 65
112 -27.57463054  153.01307118 -27.57471916  153.01305136 1
116 -27.57480059  153.01285861 -27.57475668  153.01269919
120 Linear Feature 64
112 -27.57377832  153.01126417 -27.57369715  153.01127843 1
116 -27.57370368  153.01142360 -27.57371100  153.01147990
120 Linear Feature 63
112 -27.57342512  153.01113270 -27.57345175  153.01123043 1
116 -27.57355442  153.01130101 -27.57365100  153.01128473
120 Linear Feature 62
112 -27.57245130  153.00731396 -27.57240510  153.00733220 1
116 -27.57237391  153.00746468 -27.57240279  153.00756718
120 Linear Feature 61
111 -27.57326023  153.00751029 1
112 -27.57319208  153.00726010 -27.57315396  153.00712719 1
116 -27.57294105  153.00712111 -27.57282785  153.00716541
120 Linear Feature 60
112 -27.57230499  153.00722101 -27.57231770  153.00726618 1
112 -27.57244745  153.00731656 -27.57254640  153.00727660 1
112 -27.57291602  153.00713153 -27.57298379  153.00710634 1
112 -27.57307272  153.00683791 -27.57301651  153.00664766 1
115 -27.57300997  153.00662811
120 Linear Feature 59
112 -27.57159568  153.00469979 -27.57159921  153.00471282 1
116 -27.57168391  153.00472802 -27.57174102  153.00470812
120 Linear Feature 58
111 -27.57227611  153.00406178 1
112 -27.57233067  153.00424116 -27.57233932  153.00426593 1
112 -27.57235129  153.00437401 -27.57234530  153.00440328 1
112 -27.57228210  153.00449410 -27.57226214  153.00451211 1
116 -27.57222203  153.00452520 -27.57220539  153.00453196
120 Linear Feature 57
112 -27.57164339  153.00486862 -27.57163608  153.00484386 1
112 -27.57164494  153.00475907 -27.57165610  153.00474204 1
112 -27.57168265  153.00472902 -27.57171192  153.00471701 1
111 -27.57212575  153.00456390 1
112 -27.57225682  153.00451736 -27.57228543  153.00451812 1
112 -27.57237458  153.00454814 -27.57241250  153.00458491 1
112 -27.57245708  153.00468099 -27.57247371  153.00472977 1
111 -27.57248302  153.00476430 1
115 -27.57248302  153.00476430
120 Linear Feature 56
112 -27.56949721  152.99736201 -27.56950276  152.99737974 1
112 -27.56952557  152.99742051 -27.56953804  152.99743302 1
112 -27.56958147  152.99744865 -27.56959903  152.99744970 1
116 -27.56963923  152.99743354 -27.56964939  152.99743041
120 Linear Feature 55
112 -27.57040488  152.99745158 -27.57039051  152.99740114 1
112 -27.57031147  152.99727145 -27.57028033  152.99724623 1
112 -27.57017096  152.99724263 -27.57013343  152.99724893 1
111 -27.56997296  152.99731288 1
111 -27.56969113  152.99741513 1
112 -27.56959852  152.99745338 -27.56957057  152.99747319 1
112 -27.56955940  152.99751553 -27.56955700  152.99753984 1
116 -27.56956179  152.99758758 -27.56957137  152.99761189
120 Linear Feature 54
112 -27.57532258  153.01119460 -27.57531242  153.01119671 1
112 -27.57524316  153.01118706 -27.57522391  153.01117228 1
116 -27.57519691  153.01113065 -27.57519156  153.01111195
120 Linear Feature 53
112 -27.57332561  153.01134038 -27.57335339  153.01133605 1
112 -27.57341663  153.01127661 -27.57342812  153.01124418 1
112 -27.57342525  153.01113286 -27.57341567  153.01108639 1
111 -27.57258219  153.00818844 1
111 -27.57249610  153.00789709 1
111 -27.57159577  153.00469912
111 -27.57147547  153.00427673 1
111 -27.57093329  153.00240260 1
111 -27.57089016  153.00224883
111 -27.57082403  153.00200947
111 -27.57076939  153.00181291 1
111 -27.57071476  153.00161634 1
111 -27.57018996  152.99979358 1
111 -27.56981416  152.99848067 1
111 -27.56956086  152.99758610 1
111 -27.56949874  152.99736695 1
112 -27.56947643  152.99727525 -27.56946723  152.99722337 1
112 -27.56948678  152.99710406 -27.56950862  152.99705218 1
112 -27.56960059  152.99698604 -27.56964313  152.99696788 1
111 -27.57061327  152.99661138 1
112 -27.57078544  152.99654788 -27.57083676  152.99653481 1
112 -27.57093278  152.99653854 -27.57097748  152.99655909 1
112 -27.57104039  152.99662445 -27.57107185  152.99667114 1
112 -27.57110827  152.99679254 -27.57111986  152.99683175 1
111 -27.57517085  153.01104279 1
115 -27.57525935  153.01134095
120 Linear Feature 52
112 -27.57177371  153.01138339 -27.57176317  153.01142905 1
112 -27.57178812  153.01149410 -27.57180309  153.01152850 1
112 -27.57186242  153.01157416 -27.57190677  153.01159730 1
116 -27.57195667  153.01160543 -27.57198384  153.01160230
120 Linear Feature 51
112 -27.57244953  153.00820706 -27.57245461  153.00818474 1
112 -27.57248964  153.00814764 -27.57250595  153.00814100 1
112 -27.57254526  153.00814794 -27.57255943  153.00816031 1
116 -27.57258269  153.00819138 -27.57258777  153.00821008
120 Linear Feature 50
112 -27.57158915  153.01167374 -27.57160994  153.01166722 1
112 -27.57167848  153.01163031 -27.57169888  153.01161250 1
112 -27.57173815  153.01154300 -27.57174585  153.01151173 1
111 -27.57178692  153.01132108 1
111 -27.57244210  153.00824188 1
111 -27.57247507  153.00808485 1
115 -27.57249703  153.00789974
120 Linear Feature 49
111 -27.57655701  153.01089540 1
112 -27.57655422  153.01092661 -27.57654995  153.01093667 1
112 -27.57653974  153.01094861 -27.57653231  153.01095678 1
116 -27.57649870  153.01097605 -27.57648700  153.01097835
120 Linear Feature 46
112 -27.56752903  153.01362259 -27.56752679  153.01359002 1
112 -27.56754155  153.01354188 -27.56755598  153.01351148 1
116 -27.56758967  153.01348324 -27.56761245  153.01347637
120 Linear Feature 45
112 -27.56740059  153.01351857 -27.56741958  153.01351435 1
112 -27.56746984  153.01353516 -27.56748642  153.01354964 1
112 -27.56752813  153.01361358 -27.56753722  153.01364646 1
115 -27.56765253  153.01457588
120 Linear Feature 44
112 -27.56716328  153.01372832 -27.56715929  153.01369905 1
112 -27.56718058  153.01360824 -27.56719988  153.01358197 1
116 -27.56725044  153.01354745 -27.56727705  153.01354219
120 Linear Feature 43
111 -27.56703089  153.01358797 1
112 -27.56711871  153.01362175 -27.56714199  153.01365552 1
112 -27.56716395  153.01372907 -27.56717127  153.01377410 1
115 -27.56727239  153.01455465
120 Linear Feature 41
112 -27.56678851  153.01376448 -27.56678906  153.01372320 1
112 -27.56681124  153.01367817 -27.56682676  153.01364877 1
116 -27.56686723  153.01361938 -27.56689717  153.01361250
120 Linear Feature 40
112 -27.56665600  153.01366066 -27.56667651  153.01365315 1
112 -27.56673084  153.01367817 -27.56675136  153.01369631 1
112 -27.56678906  153.01376511 -27.56679682  153.01380576 1
115 -27.56689496  153.01452876
120 Linear Feature 39
112 -27.56642688  153.01380092 -27.56642496  153.01378225 1
112 -27.56643189  153.01373187 -27.56643882  153.01371276 1
116 -27.56646384  153.01369712 -27.56647578  153.01369321
120 Linear Feature 48
112 -27.57657756  153.01103058 -27.57656293  153.01098540 1
112 -27.57653644  153.01097914 -27.57652412  153.01097393 1
112 -27.57648292  153.01097871 -27.57646406  153.01098132 1
111 -27.57550922  153.01115998 1
112 -27.57529462  153.01120538 -27.57527833  153.01121943 1
112 -27.57525055  153.01127347 -27.57524959  153.01129941 1
112 -27.57525821  153.01134156 -27.57526492  153.01136318 1
111 -27.57561916  153.01262561 1
112 -27.57565043  153.01273445 -27.57566108  153.01277048 1
112 -27.57569102  153.01281401 -27.57571231  153.01282977 1
116 -27.57573730  153.01283009 -27.57575460  153.01283159
120 Linear Feature 47
112 -27.57355376  153.01130129 -27.57358203  153.01130192 1
112 -27.57364856  153.01133507 -27.57367684  153.01136259 1
112 -27.57370345  153.01142076 -27.57371121  153.01146454 1
112 -27.57386479  153.01244278 -27.57387644  153.01249282 1
112 -27.57391857  153.01256975 -27.57396126  153.01264481 1
112 -27.57413813  153.01291939 -27.57417306  153.01296943 1
112 -27.57436156  153.01308452 -27.57443752  153.01309390 1
112 -27.57463157  153.01307201 -27.57470531  153.01305449 1
111 -27.57500803  153.01298882 1
111 -27.57572139  153.01283292 1
112 -27.57586294  153.01279652 -27.57589066  153.01277838 1
112 -27.57601049  153.01269501 -27.57603128  153.01268667 1
112 -27.57618606  153.01264236 -27.57628447  153.01262360 1
112 -27.57652573  153.01258156 -27.57657076  153.01257183 1
112 -27.57667998  153.01250158 -27.57670968  153.01246915 1
112 -27.57675129  153.01236753 -27.57676284  153.01231749 1
112 -27.57675453  153.01222731 -27.57675222  153.01219448 1
115 -27.57654555  153.01081780
120 Linear Feature 38
112 -27.56635103  153.01371971 -27.56636451  153.01371580 1
112 -27.56640686  153.01373491 -27.56641649  153.01374881 1
112 -27.56643150  153.01382698 -27.56643612  153.01386173 1
115 -27.56652160  153.01456882
120 Linear Feature 35
111 -27.56587162  153.01459602 1
112 -27.56583011  153.01442941 -27.56582372  153.01439338 1
112 -27.56584048  153.01431053 -27.56585885  153.01427990 1
112 -27.56618219  153.01381879 -27.56620135  153.01378907 1
112 -27.56629796  153.01373143 -27.56633787  153.01371882 1
112 -27.56797216  153.01341080 -27.56799611  153.01340810 1
112 -27.56808234  153.01341620 -27.56810868  153.01343422 1
112 -27.56814541  153.01349366 -27.56815818  153.01353238 1
112 -27.56820006  153.01371892 -27.56822401  153.01374323 1
112 -27.56828990  153.01374385 -27.56831944  153.01374205 1
111 -27.57033137  153.01334054 1
112 -27.57063156  153.01328740 -27.57068506  153.01327570 1
112 -27.57075452  153.01322166 -27.57078565  153.01316492 1
112 -27.57077208  153.01306224 -27.57076010  153.01298388 1
112 -27.57063476  153.01220302 -27.57062837  153.01213637 1
112 -27.57064036  153.01201142 -27.57066191  153.01195378 1
112 -27.57077368  153.01183555 -27.57081441  153.01180853 1
116 -27.57092697  153.01178961 -27.57095810  153.01178421
120 Linear Feature 34
111 -27.57050496  153.01186745 1
111 -27.57084985  153.01180261 1
111 -27.57158852  153.01167399 1
111 -27.57194396  153.01160806 1
111 -27.57296620  153.01141027 1
111 -27.57323733  153.01135731 1
111 -27.57333889  153.01134110 1
111 -27.57355349  153.01130111 1
111 -27.57377863  153.01126436 1
112 -27.57411395  153.01119519 -27.57414940  153.01118762 1
112 -27.57424698  153.01111171 -27.57427712  153.01103612 1
116 -27.57424449  153.01091741 -27.57423204  153.01086120
120 Linear Feature 33
112 -27.57050783  153.01186745 -27.57053465  153.01186205 1
112 -27.57059597  153.01190420 -27.57061705  153.01193662 1
116 -27.57064004  153.01201163 -27.57063813  153.01204405
120 Linear Feature 142
112 -27.57465096  153.00885445 -27.57458953  153.00887581 1
116 -27.57458743  153.00899970 -27.57460384  153.00905144
120 Linear Feature 141
112 -27.57450286  153.00869829 -27.57452347  153.00877186 1
112 -27.57464212  153.00885730 -27.57471196  153.00883167 1
115 -27.57503131  153.00870968
120 Linear Feature 140
112 -27.57385243  153.00592572 -27.57379184  153.00594660 1
116 -27.57378133  153.00616732 -27.57382761  153.00632728
120 Linear Feature 139
111 -27.57445316  153.00620597 1
112 -27.57436940  153.00592448 -27.57434759  153.00585558 1
116 -27.57420713  153.00580440 -27.57411552  153.00583590
120 Linear Feature 138
111 -27.57420102  153.00531326 1
112 -27.57427082  153.00556621 -27.57430048  153.00567743 1
112 -27.57421062  153.00580440 -27.57412512  153.00583491 1
112 -27.57385379  153.00592546 -27.57376916  153.00595302 1
116 -27.57368889  153.00584279 -27.57365923  153.00574535
120 Linear Feature 137
112 -27.57349521  153.00345377 -27.57354324  153.00343636 1
112 -27.57370067  153.00354277 -27.57373468  153.00366420 1
115 -27.57377605  153.00381490
120 Linear Feature 136
112 -27.57310477  153.00379398 -27.57308968  153.00374344 1
116 -27.57316005  153.00358192 -27.57326182  153.00354429
120 Linear Feature 135
111 -27.57353159  153.00296253 1
112 -27.57361520  153.00324632 -27.57364356  153.00334638 1
112 -27.57352651  153.00344235 -27.57347198  153.00346367 1
112 -27.57316953  153.00357932 -27.57310700  153.00360064 1
116 -27.57301394  153.00347926 -27.57298704  153.00338247
120 Linear Feature 134
112 -27.57248210  153.00120697 -27.57244578  153.00121933 1
116 -27.57241178  153.00136487 -27.57243633  153.00145862
120 Linear Feature 133
111 -27.57308674  153.00137478 1
112 -27.57303091  153.00118384 -27.57299863  153.00107163 1
116 -27.57283810  153.00107262 -27.57275521  153.00110510
120 Linear Feature 132
112 -27.57233416  153.00109183 -27.57235183  153.00115543 1
112 -27.57248226  153.00120717 -27.57257398  153.00116967 1
112 -27.57284031  153.00107285 -27.57290300  153.00104627 1
116 -27.57292572  153.00081036 -27.57287607  153.00063996
21 -27.57074126  153.00036733 2 107.8 3.00 New Light Fixture 1
21 -27.57391630  153.00822048 2 287.8 3.00 New Light Fixture 1
20 -27.57476477  153.00897535 161.3 0 2 {@L}A1{@R}28L
20 -27.57177173  152.99839474 152.2 0 2 {@L}A5{@R}10R
20 -27.56989250  152.99750377 170.2 0 2 {@L}B5{@R}10L
20 -27.57054222  153.00151883 85.2 0 2 {@L}B{@R}04L
20 -27.57112898  153.00256984 275.4 0 2 {@L}B{@R}04L
20 -27.57123010  153.00399431 84.6 0 2 {@L}B{@R}04R
20 -27.57187977  153.00522165 265.6 0 2 {@Y}{^l}B3{@L}B{@R}04R
20 -27.57254173  153.00850657 235.4 0 2 {@L}E{@Y}{^ld}B{^ru}
20 -27.57378111  153.01104597 242.7 0 2 {@L}B1{@R}28R
20 -27.57245872  153.01105514 280.0 0 2 {@Y}TURBINE_PARKING_ONLY
20 -27.56412291  153.01238234 320.9 0 2 {@Y}RUNUP_BAY
20 -27.56638933  153.01289456 321.6 0 2 {@Y}RUNUP_BAY
20 -27.57166262  153.00691387 19.2 0 2 {@Y}RUNUP_BAY
20 -27.57068067  153.00354755 24.5 0 2 {@Y}RUNUP_BAY
20 -27.56935676  152.99819474 18.9 0 2 {@Y}RUNUP_BAY
20 -27.57121887  152.99849710 17.0 0 2 {@Y}RUNUP_BAY
20 -27.57433518  153.00948444 18.9 0 2 {@Y}RUNUP_BAY
20 -27.57301782  153.01094883 280.8 0 2 {@Y}RUNUP_BAY
20 -27.56740989  153.00956217 107.9 0 2 {@R}22L/04R
20 -27.56587012  153.01174268 117.0 0 2 {@R}22L
20 -27.56444423  153.01184100 277.6 0 2 {@R}22R
20 -27.56627481  153.01353380 319.9 0 2 {@L}D1{@Y}22L{^u}
20 -27.56595554  153.01318431 280.9 0 2 {@R}22L
14 -27.57614717  153.00442288 131 0 Archerfield
1300 -27.57166109  153.01185450 338.8 tie_down turboprops|props|helos Terminal
1301 A general_aviation 
1300 -27.57265965  153.01121652 99.0 gate jets|turboprops|props Turbine Parking 3
1301 B general_aviation 
1300 -27.57240867  153.01127074 99.1 gate jets|turboprops Turbine Parking 2
1301 B general_aviation 
1300 -27.57205211  153.01133411 102.5 gate jets|turboprops Turbine Parking 1
1301 B general_aviation 
1300 -27.57681526  153.01061217 96.7 tie_down turboprops|props|helos Southern Apron 1
1301 B general_aviation 
1300 -27.57659168  153.00802579 336.8 tie_down turboprops|props|helos Southern Apron 4
1301 A general_aviation 
1300 -27.57685132  153.01254886 287.8 tie_down turboprops|props|helos Southern Apron 5
1301 A general_aviation 
1300 -27.57008096  153.00008963 149.4 tie_down turboprops|props|helos Emerg Services
1301 A general_aviation 
1300 -27.56890805  152.99794537 151.1 tie_down turboprops|props|helos Western Apron 1
1301 A general_aviation 
1300 -27.56878919  152.99753851 162.6 tie_down turboprops|props|helos Western Apron 2
1301 A general_aviation 
1300 -27.57362520  153.01203043 188.8 tie_down turboprops|props|helos Eastern Apron 1
1301 A general_aviation 
1300 -27.57302911  153.01254918 278.1 tie_down turboprops|props|helos Eastern Apron 2
1301 A general_aviation 
1300 -27.57309477  153.01220748 285.3 tie_down turboprops|props|helos Eastern Apron 3
1301 A general_aviation 
1300 -27.56616069  153.01471845 282.7 tie_down turboprops|props|helos Eastern Hangars
1301 B general_aviation 
1300 -27.56947070  153.01245535 191.3 tie_down turboprops|props|helos Grass Parking 1
1301 A general_aviation 
1300 -27.56755526  153.01275604 188.5 tie_down turboprops|props|helos Grass Parking 2
1301 B general_aviation 
1300 -27.57057720  153.01164170 99.5 tie_down turboprops|props|helos Grass Parking 3
1301 B general_aviation 
1300 -27.57097067  153.01118290 95.2 tie_down turboprops|props|helos Grass Parking 4
1301 B general_aviation 
1300 -27.57118456  153.01154625 101.3 tie_down turboprops|props|helos Grass Parking 5
1301 B general_aviation 
18 -27.57162608  153.01205497 1 Archerfield
19 -27.56974861  152.99923133 1 New Windsock 4
19 -27.56601193  153.00762432 0 New Windsock 4
19 -27.57130511  153.00804858 1 New Windsock 4
1050 120900 YBAF ATIS
1051 118100 ACHERFIELD MULT
1051 125100 ACTIVATE LIGHTS ONLY MULT
1053 119900 ARCHER GND
1054 118100 ARCHER TWR
1054 123600 ARCHER TWR
1055 125600 BRISBANE APP
1200 
1201 -27.56895324  153.00742307 both 0 F2_stop
1201 -27.56808697  153.00669994 both 1 F2_start
1201 -27.56750549  153.00943735 both 2 G2_stop
1201 -27.56668036  153.00870811 both 3 G2_start
1201 -27.56596082  153.01160672 both 4 H3_stop
1201 -27.56513245  153.01090437 both 5 H3_start
1201 -27.56438407  153.01194176 both 6 C1_start
1201 -27.56962076  153.00800793 both 7 F1_stop
1201 -27.56818369  153.01005740 both 8 G1_stop
1201 -27.56667654  153.01222475 both 9 H2_stop
1201 -27.56590437  153.01329996 both 10 D1_stop
1201 -27.56546128  153.01472619 both 11 D2_stop
1201 -27.56530328  153.01479424 both 12 D2_stop
1201 -27.56517689  153.01482988 both 13 D2_stop
1201 -27.56485802  153.01485257 both 14 D2_stop
1201 -27.56460522  153.01479424 both 15 D2_stop
1201 -27.56435674  153.01462249 both 16 D2_stop
1201 -27.56385689  153.01414452 both 17 D2_stop
1201 -27.56381811  153.01403435 both 18 D2_stop
1201 -27.56381955  153.01380103 both 19 D2_stop
1201 -27.57034600  153.00867511 both 20 F_stop
1201 -27.57049611  153.00909442 both 21 F_stop
1201 -27.56916904  152.99760114 both 22 B7_stop
1201 -27.56908113  152.99766919 both 23 B7_stop
1201 -27.56904839  152.99783447 both 24 B7_stop
1201 -27.56930348  152.99870554 both 25 B7_start
1201 -27.57477290  153.00880751 both 26 A1_stop
1201 -27.57394252  153.00589400 both 27 A2_stop
1201 -27.57327256  153.00354033 both 28 A3_stop
1201 -27.57259524  153.00116187 both 29 A4_stop
1201 -27.57176484  152.99825817 both 30 A5_stop
1201 -27.56567872  153.01454236 both 31 D_stop
1201 -27.56391284  153.01359045 both 32 C_stop
1201 -27.57079626  153.00382596 both 33 C_stop
1201 -27.56851902  153.00705540 both 34 C_stop
1201 -27.56709617  153.00907456 both 35 C_stop
1201 -27.56555620  153.01126037 both 36 C_stop
1201 -27.56479104  153.01234952 both 37 C_stop
1201 -27.57621387  153.00799278 both 38 A8_stop
1201 -27.57595453  153.00804904 both 39 A8_stop
1201 -27.57560243  153.00816607 both 40 A8_stop
1201 -27.57594057  153.00939939 both 41 A8_stop
1201 -27.57604331  153.00949391 both 42 A8_stop
1201 -27.57634055  153.00943427 both 43 A8_stop
1201 -27.57675749  153.01228689 both 44 A9_stop
1201 -27.57656638  153.01095781 both 45 A9_stop
1201 -27.57670661  153.01246806 both 46 A9_stop
1201 -27.57657395  153.01256484 both 47 A9_stop
1201 -27.57615103  153.01264811 both 48 A9_stop
1201 -27.57601737  153.01269087 both 49 A9_stop
1201 -27.57586077  153.01280452 both 50 A9_stop
1201 -27.57387117  153.01247565 both 51 A9_stop
1201 -27.57405171  153.01278060 both 52 A9_stop
1201 -27.57424522  153.01302703 both 53 A9_stop
1201 -27.56979431  152.99691111 both 54 B6_stop
1201 -27.56957886  152.99699551 both 55 B6_stop
1201 -27.56946914  152.99720142 both 56 B6_stop
1201 -27.57099026  152.99656792 both 57 A6_stop
1201 -27.57083864  152.99653191 both 58 A6_stop
1201 -27.57059925  152.99661293 both 59 A6_start
1201 -27.57568318  153.01283784 both 60 A_stop
1201 -27.57108698  152.99673296 both 61 A_start
1201 -27.57154873  152.99833319 both 62 A_start
1201 -27.57237830  153.00124345 both 63 A_start
1201 -27.57305562  153.00361628 both 64 A_start
1201 -27.57372391  153.00596339 both 65 A_start
1201 -27.57455596  153.00888722 both 66 A_start
1201 -27.57522580  153.01122518 both 67 A_start
1201 -27.57515837  153.00864956 both 68 H_stop
1201 -27.57216219  152.99814448 both 69 H_start
1201 -27.57298555  153.00101342 both 70 H_start
1201 -27.57366418  153.00340039 both 71 H_start
1201 -27.57433638  153.00576775 both 72 H_start
1201 -27.57060866  153.01184419 both 73 H_stop
1201 -27.57023857  153.01191725 both 74 H_stop
1201 -27.57170733  153.01164873 both 75 E_start
1201 -27.57085960  153.01179452 both 76 E_start
1201 -27.57201849  153.00460270 both 77 B_start
1201 -27.57161196  153.00475863 both 78 B_stop
1201 -27.57173145  153.00518464 both 79 B_start
1201 -27.57189571  153.00575282 both 80 B_start
1201 -27.57003505  153.00838482 both 81 B_start
1201 -27.56859828  153.01042089 both 82 B_start
1201 -27.56709817  153.01253827 both 83 B_start
1201 -27.56707814  153.01257473 both 84 B_start
1201 -27.56629390  153.01367132 both 85 B_start
1201 -27.57137896  153.00394647 both 86 B_stop
1201 -27.57098898  153.00259697 both 87 B_start
1201 -27.57119125  153.00329287 both 88 B_start
1201 -27.57066903  153.00145790 both 89 B_stop
1201 -27.56552252  153.01301643 both 90 B1_stop
1201 -27.57162380  153.00439929 both 91 B1_start
1201 -27.57154297  153.00451201 both 92 B1_start
1201 -27.56928808  153.00770698 both 93 B1_start
1201 -27.56784204  153.00975049 both 94 B1_start
1201 -27.56630802  153.01190339 both 95 B1_start
1201 -27.56556582  153.01295693 both 96 B1_start
1201 -27.56399646  153.01171703 both 97 B1_stop
1201 -27.57091987  153.00191922 both 98 B1_start
1201 -27.57083334  153.00204516 both 99 B1_start
1201 -27.56774975  153.00640678 both 100 B1_start
1201 -27.56634293  153.00840023 both 101 B1_start
1201 -27.56478886  153.01059864 both 102 B1_start
1201 -27.56406509  153.01162361 both 103 B1_start
1201 -27.57016315  152.99724050 both 104 B5_stop
1201 -27.57429314  153.01111089 both 105 B5_stop
1201 -27.57240245  153.00444162 both 106 B5_stop
1201 -27.57313720  153.00702928 both 107 B5_stop
1201 -27.57129721  153.00059829 both 108 B5_stop
1201 -27.57035466  152.99728192 both 109 B5_start
1201 -27.56991705  152.99733127 both 110 B5_stop
1201 -27.57091152  153.00075380 both 111 B4_stop
1201 -27.57274355  153.00719618 both 112 B2_stop
1201 -27.57386452  153.01124475 both 113 B1_stop
1201 -27.57347412  153.01131198 both 114 B_stop
1201 -27.57367866  153.01127950 both 115 B_stop
1201 -27.56953121  152.99747095 both 116 B_start
1201 -27.57051835  153.00091737 both 117 B_start
1201 -27.57234480  153.00735033 both 118 B_start
1201 -27.57250434  153.00790710 both 119 B_start
1202 93 0 twoway taxiway_A F2
1204 departure 04R,22L
1204 arrival 04R,22L
1202 7 93 twoway taxiway_A F1
1204 departure 04R,22L
1204 arrival 04R,22L
1202 94 2 twoway taxiway_A G2
1204 departure 04R,22L
1204 arrival 04R,22L
1202 8 94 twoway taxiway_A G1
1204 departure 04R,22L
1204 arrival 04R,22L
1202 95 4 twoway taxiway_A H3
1204 departure 04R,22L
1204 arrival 04R,22L
1202 9 95 twoway taxiway_A H2
1204 departure 04R,22L
1204 arrival 04R,22L
1202 10 96 twoway taxiway_A D1
1204 departure 04R,22L
1204 arrival 04R,22L
1202 103 6 twoway taxiway_A C1
1204 departure 04L,22R
1204 arrival 04L,22R
1202 102 5 twoway taxiway_A H3
1204 departure 04L,22R
1204 arrival 04L,22R
1202 101 3 twoway taxiway_A G2
1204 departure 04L,22R
1204 arrival 04L,22R
1202 100 1 twoway taxiway_A F2
1204 departure 04L,22R
1204 arrival 04L,22R
1202 34 0 twoway taxiway_A F2
1202 1 34 twoway taxiway_A F2
1202 35 2 twoway taxiway_A G2
1202 3 35 twoway taxiway_A G2
1202 36 4 twoway taxiway_A H3
1202 5 36 twoway taxiway_A H3
1202 36 37 twoway taxiway_A C
1202 6 37 twoway taxiway_A C1
1202 81 7 twoway taxiway_A F1
1202 82 8 twoway taxiway_A G1
1202 84 9 twoway taxiway_A H2
1202 85 10 twoway taxiway_A D1
1202 11 31 twoway taxiway_A D2
1202 12 11 twoway taxiway_A D2
1202 13 12 twoway taxiway_A D2
1202 14 13 twoway taxiway_A D2
1202 15 14 twoway taxiway_A D2
1202 16 15 twoway taxiway_A D2
1202 17 16 twoway taxiway_A D2
1202 18 17 twoway taxiway_A D2
1202 19 18 twoway taxiway_A D2
1202 32 19 twoway taxiway_A D2
1202 82 74 twoway taxiway_A G
1202 73 74 twoway taxiway_A H1
1202 74 83 twoway taxiway_A H1
1202 20 81 twoway taxiway_A F
1202 21 20 twoway taxiway_A F
1202 76 21 twoway taxiway_A F
1202 22 116 twoway taxiway_B B7
1202 23 22 twoway taxiway_B B7
1202 24 23 twoway taxiway_B B7
1202 25 24 twoway taxiway_B B7
1202 30 69 twoway taxiway_B A5
1204 departure 10R,28L
1204 arrival 10R,28L
1202 29 70 twoway taxiway_B A4
1204 departure 10R,28L
1204 arrival 10R,28L
1202 28 71 twoway taxiway_B A3
1204 departure 10R,28L
1204 arrival 10R,28L
1202 27 72 twoway taxiway_B A2
1204 departure 10R,28L
1204 arrival 10R,28L
1202 26 68 twoway taxiway_B A1
1204 departure 10R,28L
1204 arrival 10R,28L
1202 66 26 twoway taxiway_B A1
1202 65 27 twoway taxiway_B A2
1202 64 28 twoway taxiway_B A3
1202 63 29 twoway taxiway_B A4
1202 62 30 twoway taxiway_B A5
1202 80 81 twoway taxiway_A D
1202 81 82 twoway taxiway_A D
1202 82 83 twoway taxiway_A D
1202 83 84 twoway taxiway_A D
1202 84 85 twoway taxiway_A D
1202 85 31 twoway taxiway_A D
1202 33 34 twoway taxiway_A C
1202 34 35 twoway taxiway_A C
1202 35 36 twoway taxiway_A C
1202 37 32 twoway taxiway_A C
1202 88 33 twoway taxiway_A C
1202 45 67 twoway taxiway_A A7
1202 39 38 twoway taxiway_B A8
1202 40 39 twoway taxiway_B A8
1202 41 40 twoway taxiway_B A8
1202 42 41 twoway taxiway_B A8
1202 43 42 twoway taxiway_B A8
1202 44 45 twoway taxiway_B A8
1202 45 43 twoway taxiway_B A8
1202 46 44 twoway taxiway_B A9
1202 47 46 twoway taxiway_B A9
1202 48 47 twoway taxiway_B A9
1202 49 48 twoway taxiway_B A9
1202 50 49 twoway taxiway_B A9
1202 60 50 twoway taxiway_B A9
1202 51 115 twoway taxiway_B A9
1202 52 51 twoway taxiway_B A9
1202 53 52 twoway taxiway_B A9
1202 54 59 twoway taxiway_B B6
1204 departure 10L,28R
1204 arrival 10L,28R
1202 55 54 twoway taxiway_B B6
1202 56 55 twoway taxiway_B B6
1202 116 56 twoway taxiway_B B6
1202 57 61 twoway taxiway_B A6
1202 58 57 twoway taxiway_B A6
1202 59 58 twoway taxiway_B A6
1202 61 62 twoway taxiway_B A
1202 62 63 twoway taxiway_B A
1202 63 64 twoway taxiway_B A
1202 64 65 twoway taxiway_B A
1202 65 66 twoway taxiway_B A
1202 66 67 twoway taxiway_B A
1202 67 60 twoway taxiway_A A
1202 69 70 twoway runway 10R/28L
1204 departure 10R,28L
1204 arrival 10R,28L
1204 ils 10R,28L
1202 70 71 twoway runway 10R/28L
1204 departure 10R,28L
1204 arrival 10R,28L
1204 ils 10R,28L
1202 71 72 twoway runway 10R/28L
1204 departure 10R,28L
1204 arrival 10R,28L
1204 ils 10R,28L
1202 72 68 twoway runway 10R/28L
1204 departure 10R,28L
1204 arrival 10R,28L
1204 ils 10R,28L
1202 75 76 twoway taxiway_B H
1202 76 73 twoway taxiway_B H
1202 75 114 twoway taxiway_B H
1202 75 119 twoway taxiway_B E
1202 78 77 twoway taxiway_B B3
1204 departure 04R,10L,22L,28R
1204 arrival 04R,10L,22L,28R
1202 77 106 twoway taxiway_B B3
1204 departure 10L,28R
1204 arrival 10L,28R
1202 78 79 twoway taxiway_B B
1204 departure 04R,22L
1204 arrival 04R,22L
1202 86 92 twoway taxiway_B B
1204 departure 04R,22L
1204 arrival 04R,22L
1202 99 87 twoway taxiway_B B
1204 departure 04L,22R
1204 arrival 04L,22R
1202 89 99 twoway taxiway_B B
1204 departure 04L,22R
1204 arrival 04L,22R
1202 79 80 twoway taxiway_B B
1202 80 118 twoway taxiway_B B
1202 87 88 twoway taxiway_B B
1202 88 86 twoway taxiway_B B
1202 117 89 twoway taxiway_B B
1202 91 92 twoway runway 04R/22L
1204 departure 04R,22L
1204 arrival 04R,22L
1204 ils 04R,22L
1202 92 93 twoway runway 04R/22L
1204 departure 04R,22L
1204 arrival 04R,22L
1204 ils 04R,22L
1202 93 94 twoway runway 04R/22L
1204 departure 04R,22L
1204 arrival 04R,22L
1204 ils 04R,22L
1202 94 95 twoway runway 04R/22L
1204 departure 04R,22L
1204 arrival 04R,22L
1204 ils 04R,22L
1202 95 96 twoway runway 04R/22L
1204 departure 04R,22L
1204 arrival 04R,22L
1204 ils 04R,22L
1202 96 90 twoway runway 04R/22L
1204 departure 04R,22L
1204 arrival 04R,22L
1204 ils 04R,22L
1202 98 99 twoway runway 04L/22R
1204 departure 04L,22R
1204 arrival 04L,22R
1204 ils 04L,22R
1202 99 100 twoway runway 04L/22R
1204 departure 04L,22R
1204 arrival 04L,22R
1204 ils 04L,22R
1202 100 101 twoway runway 04L/22R
1204 departure 04L,22R
1204 arrival 04L,22R
1204 ils 04L,22R
1202 101 102 twoway runway 04L/22R
1204 departure 04L,22R
1204 arrival 04L,22R
1204 ils 04L,22R
1202 102 103 twoway runway 04L/22R
1204 departure 04L,22R
1204 arrival 04L,22R
1204 ils 04L,22R
1202 103 97 twoway runway 04L/22R
1204 departure 04L,22R
1204 arrival 04L,22R
1204 ils 04L,22R
1202 113 105 twoway taxiway_B B1
1204 departure 10L,28R
1204 arrival 10L,28R
1202 112 107 twoway taxiway_B B2
1204 departure 10L,28R
1204 arrival 10L,28R
1202 111 108 twoway taxiway_B B4
1204 departure 10L,28R
1204 arrival 10L,28R
1202 104 109 twoway taxiway_B B5
1204 departure 10L,28R
1204 arrival 10L,28R
1202 110 104 twoway taxiway_B B5
1204 departure 10L,28R
1204 arrival 10L,28R
1202 106 107 twoway runway 10L/28R
1204 departure 10L,28R
1204 arrival 10L,28R
1204 ils 10L,28R
1202 107 105 twoway runway 10L/28R
1204 departure 10L,28R
1204 arrival 10L,28R
1204 ils 10L,28R
1202 108 106 twoway runway 10L/28R
1204 departure 04L,04R,10L,22L,22R,28L,28R
1204 arrival 04L,04R,10L,22L,22R,28L,28R
1204 ils 10L,28R
1202 109 108 twoway runway 10L/28R
1204 departure 10L,28R
1204 arrival 10L,28R
1204 ils 10L,28R
1202 116 110 twoway taxiway_B B5
1202 117 111 twoway taxiway_B B4
1202 118 112 twoway taxiway_B B2
1202 114 115 twoway taxiway_B B1
1202 115 113 twoway taxiway_B B1
1202 116 117 twoway taxiway_B B
1202 118 119 twoway taxiway_B B
1202 119 114 twoway taxiway_B B
99
